5.909067002866348270e-03
2.383812870630468150e-02
5.423267117414308502e-02
9.752492002579687957e-02
1.538869823784585478e-01
2.229970431724092039e-01
3.038331655993089520e-01
3.945182297662027660e-01
4.922448857852982362e-01
5.933096445544727704e-01
6.932790332175264858e-01
7.872973782891838912e-01
8.705256683354707370e-01
9.386760647629600607e-01
9.885806586337285706e-01
1.018711175193378615e+00
1.029554436983984411e+00
1.023752043834450953e+00
1.005935570579917337e+00
9.822309082167032246e-01
9.594629941009044094e-01
9.441561498619135406e-01
9.414827641371822375e-01
9.543496231470535163e-01
9.828138605588359056e-01
1.023981587336707300e+00
1.072462616104429056e+00
1.121345450904712715e+00
1.163538687728571830e+00
1.193225235500916970e+00
1.207121732346865928e+00
1.205247670214129929e+00
1.190993758769891775e+00
1.170425609996714744e+00
1.150937534566868425e+00
1.139539884567088990e+00
1.141176627769686425e+00
1.157491508100618516e+00
1.186375677972082210e+00
1.222449325574710421e+00
1.258394627507110952e+00
1.286827019789556603e+00
1.302230542942087732e+00
1.302441447044207390e+00
1.289263020757840161e+00
1.268015577919444858e+00
1.246113599231704061e+00
1.231038446252704199e+00
1.228259158721888955e+00
1.239687095171907005e+00
1.263115399713044207e+00
1.292823458707608619e+00
1.321193959107258786e+00
1.340892138697100444e+00
1.346983205832051000e+00
1.338370384074520913e+00
1.318125635519452610e+00
1.292605409374823822e+00
1.269601265885481833e+00
1.256063077304277575e+00
1.256063077304268250e+00
1.269601265885453634e+00
1.292605409374784076e+00
1.318125635519401317e+00
1.338370384074472952e+00
1.346983205832008812e+00
1.340892138697065361e+00
1.321193959107229698e+00
1.292823458707587525e+00
1.263115399713021114e+00
1.239687095171884357e+00
1.228259158721862088e+00
1.231038446252670671e+00
1.246113599231666758e+00
1.268015577919404002e+00
1.289263020757799971e+00
1.302441447044170530e+00
1.302230542942057312e+00
1.286827019789539728e+00
1.258394627507102292e+00
1.222449325574708423e+00
1.186375677972087983e+00
1.157491508100627620e+00
1.141176627769696417e+00
1.139539884567098094e+00
1.150937534566874199e+00
1.170425609996717409e+00
1.190993758769892885e+00
1.205247670214131928e+00
1.207121732346867260e+00
1.193225235500917414e+00
1.163538687728570942e+00
1.121345450904709828e+00
1.072462616104419952e+00
1.023981587336690424e+00
9.828138605588140342e-01
9.543496231470240954e-01
9.414827641371457112e-01
9.441561498618745718e-01
9.594629941008617768e-01
9.822309082166633676e-01
1.005935570579879590e+00
1.023752043834420311e+00
1.029554436983960874e+00
1.018711175193363738e+00
9.885806586337230195e-01
9.386760647629630583e-01
8.705256683354825054e-01
7.872973782892022099e-01
6.932790332175471359e-01
5.933096445544954189e-01
4.922448857853203297e-01
3.945182297662228610e-01
3.038331655993261604e-01
2.229970431724236368e-01
1.538869823784691504e-01
9.752492002580466501e-02
5.423267117414759531e-02
2.383812870630681868e-02
5.909067002866877361e-03
