-2.463515150697459868e-02
-4.982253885390299647e-02
-7.600669455224694226e-02
-1.035313817932294600e-01
-1.326409808009223201e-01
-1.634776798035285084e-01
-1.960756972579433266e-01
-2.303537128072600249e-01
-2.661066854185992758e-01
-3.029982648376853271e-01
-3.405550352775682521e-01
-3.781638477270592991e-01
-4.150734802266954349e-01
-4.504017963683955017e-01
-4.831494360218844264e-01
-5.122208572708529806e-01
-5.364532478687947803e-01
-5.546534372744414965e-01
-5.656424726593981545e-01
-5.683069882809287376e-01
-5.616559196956805167e-01
-5.448805230198996430e-01
-5.174150926512885995e-01
-4.789952720017549570e-01
-4.297104674637398647e-01
-3.700466526629395125e-01
-3.009158309105749995e-01
-2.236686436862553862e-01
-1.400870949873588012e-01
-5.235511266108729134e-02
3.699432339843290729e-02
1.251555228556557042e-01
2.091485292678247621e-01
2.859368008647869552e-01
3.525597590208357501e-01
4.062744345798231516e-01
4.446992529203354083e-01
4.659521293687852173e-01
4.687745943834707441e-01
4.526337098649869661e-01
4.177941225868029296e-01
3.653537413243143628e-01
2.972381939786866711e-01
2.161513511354253569e-01
1.254816839313795951e-01
2.916691223487617723e-02
-6.847787772199503964e-02
-1.629608964701712293e-01
-2.498331170052462968e-01
-3.249148560811183639e-01
-3.845167451136209391e-01
-4.256421051383463827e-01
-4.461583182564033967e-01
-4.449262029130087170e-01
-4.218785899247868842e-01
-3.780421385995477168e-01
-3.154997532789622361e-01
-2.372945449977818255e-01
-1.472798899743067713e-01
-4.992351796006305742e-02
4.992351796004074194e-02
1.472798899742849554e-01
2.372945449977613142e-01
3.154997532789439174e-01
3.780421385995321737e-01
4.218785899247764482e-01
4.449262029130034990e-01
4.461583182564044514e-01
4.256421051383529330e-01
3.845167451136326520e-01
3.249148560811371267e-01
2.498331170052696948e-01
1.629608964701997065e-01
6.847787772202719447e-02
-2.916691223484150705e-02
-1.254816839313439847e-01
-2.161513511353916894e-01
-2.972381939786547522e-01
-3.653537413242865517e-01
-4.177941225867793928e-01
-4.526337098649693136e-01
-4.687745943834600304e-01
-4.659521293687817756e-01
-4.446992529203385724e-01
-4.062744345798325329e-01
-3.525597590208500720e-01
-2.859368008648055515e-01
-2.091485292678475771e-01
-1.251555228556803789e-01
-3.699432339845895590e-02
5.235511266106088885e-02
1.400870949873329885e-01
2.236686436862307947e-01
3.009158309105511853e-01
3.700466526629170305e-01
4.297104674637191590e-01
4.789952720017373600e-01
5.174150926512729454e-01
5.448805230198873195e-01
5.616559196956699695e-01
5.683069882809211881e-01
5.656424726593916041e-01
5.546534372744387209e-01
5.364532478687942252e-01
5.122208572708537577e-01
4.831494360218874795e-01
4.504017963684014969e-01
4.150734802267039281e-01
3.781638477270699572e-01
3.405550352775796319e-01
3.029982648376972620e-01
2.661066854186108221e-01
2.303537128072702389e-01
1.960756972579526802e-01
1.634776798035366685e-01
1.326409808009288704e-01
1.035313817932352748e-01
7.600669455225074478e-02
4.982253885390522385e-02
2.463515150697567768e-02
