1.031682925338987285e-04
2.133306831187351546e-04
3.374412505439536498e-04
4.828151845000350326e-04
6.574887736709962094e-04
8.705579844302606092e-04
1.132509529031797829e-03
1.455553877556539210e-03
1.853966117076948257e-03
2.344437558980587942e-03
2.946438302042856880e-03
3.682588413779178550e-03
4.579032893818184638e-03
5.665813076042200760e-03
6.977224595662962284e-03
8.552149512424962047e-03
1.043434769183908782e-02
1.267269018078045519e-02
1.532131517521367024e-02
1.843968539099099038e-02
2.209252435543318863e-02
2.634960849086343676e-02
3.128539201849200868e-02
3.697844282461681259e-02
4.351066963910169699e-02
5.096632429129270558e-02
5.943076750710863526e-02
6.898899272111565228e-02
7.972390966864355277e-02
9.171439799759248390e-02
1.050331506255103853e-01
1.197443368154973015e-01
1.359011256281021651e-01
1.535431211277001051e-01
1.726937710212207711e-01
1.933578197785107144e-01
2.155188851948013351e-01
2.391372432725157871e-01
2.641479097137995335e-01
2.904591067745139754e-01
3.179512013691038752e-01
3.464761938837305211e-01
3.758578270438218127e-01
4.058923704458725634e-01
4.363501192321715960e-01
4.669776252730050148e-01
4.975006567124418133e-01
5.276278575818227345e-01
5.570550542770610347e-01
5.854701310211244403e-01
6.125583730395984805e-01
6.380081551219827229e-01
6.615168355370830700e-01
6.827967018320113546e-01
7.015808066354369821e-01
7.176285287753642050e-01
7.307306981454005923e-01
7.407141318872169089e-01
7.474454444048993507e-01
7.508340140228403348e-01
7.508340140228412229e-01
7.474454444049010160e-01
7.407141318872205726e-01
7.307306981454038119e-01
7.176285287753695341e-01
7.015808066354418671e-01
6.827967018320156845e-01
6.615168355370855124e-01
6.380081551219852765e-01
6.125583730395990356e-01
5.854701310211233301e-01
5.570550542770592584e-01
5.276278575818191818e-01
4.975006567124375390e-01
4.669776252729995747e-01
4.363501192321659894e-01
4.058923704458650139e-01
3.758578270438140967e-01
3.464761938837229716e-01
3.179512013690964367e-01
2.904591067745068145e-01
2.641479097137928167e-01
2.391372432725087371e-01
2.155188851947949236e-01
1.933578197785037478e-01
1.726937710212150812e-01
1.535431211276946373e-01
1.359011256280965863e-01
1.197443368154921806e-01
1.050331506255057501e-01
9.171439799758876465e-02
7.972390966864026374e-02
6.898899272111268244e-02
5.943076750710574174e-02
5.096632429128948594e-02
4.351066963909866470e-02
3.697844282461394683e-02
3.128539201849026008e-02
2.634960849086260409e-02
2.209252435543321291e-02
1.843968539099229489e-02
1.532131517521505629e-02
1.267269018078166776e-02
1.043434769183964640e-02
8.552149512425066130e-03
6.977224595662572838e-03
5.665813076042104483e-03
4.579032893817885398e-03
3.682588413779012016e-03
2.946438302043018643e-03
2.344437558979952166e-03
1.853966117076156789e-03
1.455553877554739868e-03
1.132509529030149408e-03
8.705579844280808208e-04
6.574887736689571504e-04
4.828151844985063617e-04
3.374412505427203698e-04
2.133306831184349391e-04
1.031682925335797698e-04
