5.592842969988297795e-03
1.141329719471232372e-02
1.767072860266100456e-02
2.456284520217984560e-02
3.227999866320809680e-02
4.100755359349179952e-02
5.092655675382848357e-02
6.221285694625267038e-02
7.503477631712056339e-02
8.954940971000166505e-02
1.058976265361622066e-01
1.241978664542223998e-01
1.445388534798670577e-01
1.669714005474505769e-01
1.914995353190744598e-01
2.180712449871645697e-01
2.465692091007112841e-01
2.768019605067779665e-01
3.084959800911565297e-01
3.412892853044676711e-01
3.747271092891208411e-01
4.082602805355516340e-01
4.412468964773470503e-01
4.729578331488560883e-01
5.025865431148929252e-01
5.292634632578815390e-01
5.520751828424421692e-01
5.700883133905820799e-01
5.823777610400711069e-01
5.880588380138829230e-01
5.863223743407164346e-01
5.764717184073117062e-01
5.579602617288437205e-01
5.304279071896828013e-01
4.937347388675011328e-01
4.479900623945179960e-01
3.935749823792139557e-01
3.311567789201997902e-01
2.616935451454879269e-01
1.864278526758229859e-01
1.068686160918174699e-01
2.476081816264533858e-02
-5.795668471647932168e-02
-1.392044583809207980e-01
-2.168254598516676790e-01
-2.886556650433150240e-01
-3.525998139910384577e-01
-4.067092997121338760e-01
-4.492589202589399311e-01
-4.788190594328546879e-01
-4.943198787827522978e-01
-4.951043013187059749e-01
-4.809669446945695759e-01
-4.521767062349545951e-01
-4.094813910374106580e-01
-3.540935745509188326e-01
-2.876577614805383987e-01
-2.121997968117209088e-01
-1.300603525139296668e-01
-4.381510565921284406e-02
4.381510565920451739e-02
1.300603525139213401e-01
2.121997968117131372e-01
2.876577614805302940e-01
3.540935745509113386e-01
4.094813910374038857e-01
4.521767062349485999e-01
4.809669446945645244e-01
4.951043013187027553e-01
4.943198787827507990e-01
4.788190594328559091e-01
4.492589202589425401e-01
4.067092997121375952e-01
3.525998139910429541e-01
2.886556650433192428e-01
2.168254598516719533e-01
1.392044583809241010e-01
5.795668471648209724e-02
-2.476081816264332977e-02
-1.068686160918158740e-01
-1.864278526758218479e-01
-2.616935451454870387e-01
-3.311567789201997347e-01
-3.935749823792149549e-01
-4.479900623945202165e-01
-4.937347388675037974e-01
-5.304279071896861320e-01
-5.579602617288469402e-01
-5.764717184073152589e-01
-5.863223743407202093e-01
-5.880588380138859206e-01
-5.823777610400731053e-01
-5.700883133905834121e-01
-5.520751828424423913e-01
-5.292634632578803178e-01
-5.025865431148918150e-01
-4.729578331488539789e-01
-4.412468964773450519e-01
-4.082602805355500242e-01
-3.747271092891186206e-01
-3.412892853044658947e-01
-3.084959800911545313e-01
-2.768019605067752464e-01
-2.465692091007083420e-01
-2.180712449871618497e-01
-1.914995353190706850e-01
-1.669714005474466356e-01
-1.445388534798629221e-01
-1.241978664542188054e-01
-1.058976265361571550e-01
-8.954940970999797356e-02
-7.503477631711756579e-02
-6.221285694624978380e-02
-5.092655675382629088e-02
-4.100755359349037704e-02
-3.227999866320671596e-02
-2.456284520217875619e-02
-1.767072860266035231e-02
-1.141329719471173738e-02
-5.592842969987785184e-03
