-5.880107389070248630e-02
-1.177527501179532338e-01
-1.767222083937768917e-01
-2.352996361936955383e-01
-2.928071925896938987e-01
-3.483135583168980864e-01
-4.006567835618125573e-01
-4.484776944828566259e-01
-4.902655253052589091e-01
-5.244166852946668955e-01
-5.493066466811645787e-01
-5.633738679931967752e-01
-5.652134857749280261e-01
-5.536772762973561912e-01
-5.279751877255195458e-01
-4.877726690251127928e-01
-4.332771824426148721e-01
-3.653067926003015220e-01
-2.853336814605975102e-01
-1.954959313245283881e-01
-9.857200508219185475e-02
2.085948696852274464e-03
1.026615608942207380e-01
1.990253039329271390e-01
2.869228638415013410e-01
3.621932759369806409e-01
4.210061174739423429e-01
4.601042638967159371e-01
4.770365859731442448e-01
4.703637613568710241e-01
4.398203217477621441e-01
3.864173119834141690e-01
3.124725625904012372e-01
2.215595229022466750e-01
1.183706959687417515e-01
8.497665606218703441e-03
-1.018638927511685416e-01
-2.062694598201483542e-01
-2.984206274283850435e-01
-3.725745287836404462e-01
-4.239394413671161987e-01
-4.490271992901446185e-01
-4.459342606575518730e-01
-4.145268335325455467e-01
-3.565112501243357657e-01
-2.753784646449148332e-01
-1.762206152954149396e-01
-6.542735614699078661e-02
4.972065491926079550e-02
1.615349561694280067e-01
2.624459464420144661e-01
3.455351087597376969e-01
4.050330966132062449e-01
4.367453574862816268e-01
4.383715043157175306e-01
4.096920692496436867e-01
3.526060428878739494e-01
2.710139501524085337e-01
1.705532155566474306e-01
5.820422210967098053e-02
-5.820422210963589055e-02
-1.705532155566148178e-01
-2.710139501523806116e-01
-3.526060428878519670e-01
-4.096920692496306970e-01
-4.383715043157130897e-01
-4.367453574862862342e-01
-4.050330966132192345e-01
-3.455351087597587356e-01
-2.624459464420417221e-01
-1.615349561694585379e-01
-4.972065491929338749e-02
6.542735614695824320e-02
1.762206152953848803e-01
2.753784646448884654e-01
3.565112501243146714e-01
4.145268335325318354e-01
4.459342606575447676e-01
4.490271992901453957e-01
4.239394413671236372e-01
3.725745287836532138e-01
2.984206274284019189e-01
2.062694598201684215e-01
1.018638927511901215e-01
-8.497665606197546753e-03
-1.183706959687220173e-01
-2.215595229022302715e-01
-3.124725625903881365e-01
-3.864173119834057313e-01
-4.398203217477589799e-01
-4.703637613568719122e-01
-4.770365859731480751e-01
-4.601042638967233755e-01
-4.210061174739513357e-01
-3.621932759369906329e-01
-2.869228638415121102e-01
-1.990253039329362705e-01
-1.026615608942280655e-01
-2.085948696857273504e-03
9.857200508218952328e-02
1.954959313245295260e-01
2.853336814606015626e-01
3.653067926003078503e-01
4.332771824426256968e-01
4.877726690251256159e-01
5.279751877255353110e-01
5.536772762973730666e-01
5.652134857749476771e-01
5.633738679932175364e-01
5.493066466811852289e-01
5.244166852946881008e-01
4.902655253052794482e-01
4.484776944828763323e-01
4.006567835618302098e-01
3.483135583169144067e-01
2.928071925897076100e-01
2.352996361937074454e-01
1.767222083937861898e-01
1.177527501179600616e-01
5.880107389070578922e-02
