1.282494208979649032e-02
2.605551373385984332e-02
4.004737466250558875e-02
5.511445224628724188e-02
7.153294247991917598e-02
8.954178607376306331e-02
1.093401812848242699e-01
1.310826130114413623e-01
1.548718483744019880e-01
1.807503605782918021e-01
2.086906850775373246e-01
2.385852754854954350e-01
2.702365018598725244e-01
3.033475112574843813e-01
3.375147396018143287e-01
3.722229143994314482e-01
4.068434090465654074e-01
4.406367911585385433e-01
4.727603403550830197e-01
5.022811878830967247e-01
5.281955466458676529e-01
5.494542544103423465e-01
5.649945481981200057e-01
5.737776319762334376e-01
5.748312057573581324e-01
5.672957102622345760e-01
5.504726303088688377e-01
5.238728188910273253e-01
4.872624818953266157e-01
4.407042308243498407e-01
3.845904967189372470e-01
3.196666280646605074e-01
2.470411881245771213e-01
1.681813337616193116e-01
8.489169886613098792e-02
-7.240904837779171821e-04
-8.631929922013244216e-02
-1.693764501837565772e-01
-2.472942616568832297e-01
-3.174862480611883031e-01
-3.774871498622395793e-01
-4.250625663084837691e-01
-4.583165701431374806e-01
-4.757917434976444704e-01
-4.765560334140444554e-01
-4.602711120775575537e-01
-4.272375492303283617e-01
-3.784130486200492638e-01
-3.154012300874233787e-01
-2.404098954822113110e-01
-1.561793222839369666e-01
-6.588279100507042629e-02
2.699683050351085745e-02
1.188091548223114413e-01
2.058904839798338382e-01
2.847227638120920501e-01
3.520894050310745538e-01
4.052200550575111304e-01
4.419168274473622704e-01
4.606553630099098906e-01
4.606553630099105012e-01
4.419168274473635472e-01
4.052200550575132398e-01
3.520894050310775514e-01
2.847227638120957693e-01
2.058904839798386399e-01
1.188091548223176169e-01
2.699683050351789695e-02
-6.588279100506268249e-02
-1.561793222839279738e-01
-2.404098954822033729e-01
-3.154012300874138308e-01
-3.784130486200399379e-01
-4.272375492303180922e-01
-4.602711120775474507e-01
-4.765560334140339083e-01
-4.757917434976341453e-01
-4.583165701431283212e-01
-4.250625663084757755e-01
-3.774871498622321964e-01
-3.174862480611826965e-01
-2.472942616568799823e-01
-1.693764501837550507e-01
-8.631929922013195644e-02
-7.240904837793396553e-04
8.489169886612918381e-02
1.681813337616161474e-01
2.470411881245730690e-01
3.196666280646560110e-01
3.845904967189328616e-01
4.407042308243441786e-01
4.872624818953217862e-01
5.238728188910216632e-01
5.504726303088621764e-01
5.672957102622272485e-01
5.748312057573510270e-01
5.737776319762259991e-01
5.649945481981116790e-01
5.494542544103337978e-01
5.281955466458578830e-01
5.022811878830868437e-01
4.727603403550725281e-01
4.406367911585284403e-01
4.068434090465556929e-01
3.722229143994225664e-01
3.375147396018058910e-01
3.033475112574758326e-01
2.702365018598647528e-01
2.385852754854881352e-01
2.086906850775308020e-01
1.807503605782845024e-01
1.548718483743957430e-01
1.310826130114354782e-01
1.093401812848197596e-01
8.954178607375934407e-02
7.153294247991677512e-02
5.511445224628534062e-02
4.004737466250455485e-02
2.605551373385932637e-02
1.282494208979649032e-02
