-4.055333815999084129e-02
-8.162717358479974761e-02
-1.235519457803635618e-01
-1.664719684882751405e-01
-2.103453456304355818e-01
-2.549421348580825919e-01
-2.998429073519254806e-01
-3.444397623224836891e-01
-3.879417503380584997e-01
-4.293865071871776906e-01
-4.676596708267100611e-01
-5.015233258390731086e-01
-5.296542783945011879e-01
-5.506924052799274660e-01
-5.632986496724388115e-01
-5.662214731181736127e-01
-5.583697499574511447e-01
-5.388892525120573262e-01
-5.072390796149972569e-01
-4.632636933629172282e-01
-4.072557201481974420e-01
-3.400044127339940103e-01
-2.628247246577830043e-01
-1.775623677220391217e-01
-8.657103886754448363e-02
7.340780899591734313e-03
1.009944622645917722e-01
1.909564010899965081e-01
2.736807119852494030e-01
3.456742151099225224e-01
4.036763465640823001e-01
4.448447184109207142e-01
4.669355655692031259e-01
4.684674109902782768e-01
4.488561000092412545e-01
4.085100011710302015e-01
3.488756912729046866e-01
2.724268186734544184e-01
1.825919815474765506e-01
8.362120536573582064e-02
-1.960527069769531228e-02
-1.218179658434043744e-01
-2.176369501855588695e-01
-3.018730575635053537e-01
-3.698335094511367993e-01
-4.176124511364380787e-01
-4.423467271547406043e-01
-4.424184682044675632e-01
-4.175887226880219405e-01
-3.690503240370456295e-01
-2.993932094465553417e-01
-2.124811667007969196e-01
-1.132450768541555935e-01
-7.403688890990124845e-03
9.887165460144302365e-02
1.993275582372670829e-01
2.880106220021225183e-01
3.596359155207233815e-01
4.099172715418229473e-01
4.358370640574332211e-01
4.358370640574328325e-01
4.099172715418230584e-01
3.596359155207239366e-01
2.880106220021238506e-01
1.993275582372698584e-01
9.887165460144893558e-02
-7.403688890982526756e-03
-1.132450768541455460e-01
-2.124811667007848459e-01
-2.993932094465419635e-01
-3.690503240370315852e-01
-4.175887226880086178e-01
-4.424184682044547401e-01
-4.423467271547310564e-01
-4.176124511364313063e-01
-3.698335094511338017e-01
-3.018730575635066304e-01
-2.176369501855640043e-01
-1.218179658434136031e-01
-1.960527069770788208e-02
8.362120536571976404e-02
1.825919815474581487e-01
2.724268186734357111e-01
3.488756912728854243e-01
4.085100011710118273e-01
4.488561000092242126e-01
4.684674109902626227e-01
4.669355655691904694e-01
4.448447184109117769e-01
4.036763465640769155e-01
3.456742151099211346e-01
2.736807119852512904e-01
1.909564010900025310e-01
1.009944622646015699e-01
7.340780899604743004e-03
-8.657103886752832989e-02
-1.775623677220202201e-01
-2.628247246577617435e-01
-3.400044127339716393e-01
-4.072557201481744049e-01
-4.632636933628946907e-01
-5.072390796149754966e-01
-5.388892525120368981e-01
-5.583697499574308276e-01
-5.662214731181558491e-01
-5.632986496724230463e-01
-5.506924052799143654e-01
-5.296542783944900856e-01
-5.015233258390645599e-01
-4.676596708267037328e-01
-4.293865071871738048e-01
-3.879417503380563903e-01
-3.444397623224832450e-01
-2.998429073519265908e-01
-2.549421348580849789e-01
-2.103453456304386904e-01
-1.664719684882788320e-01
-1.235519457803666149e-01
-8.162717358480187091e-02
-4.055333815999199315e-02
