5.504885834713445008e-04
1.133323445171547294e-03
1.780019962685838687e-03
2.522801346729298781e-03
3.395888328866820613e-03
4.436608244624058728e-03
5.686366491641837474e-03
7.191503706198322174e-03
9.004046400169203254e-03
1.118234604646430042e-02
1.379159094288893647e-02
1.690416619329543693e-02
2.059982963402563066e-02
2.496566549995063097e-02
3.009577320368250417e-02
3.609064603044859210e-02
4.305619413333504342e-02
5.110236828542698978e-02
6.034134574158659531e-02
7.088524757988079461e-02
8.284336825213198252e-02
9.631891288231733683e-02
1.114052560679428400e-01
1.281817573369319896e-01
1.467091925538364650e-01
1.670248867877297261e-01
1.891376615467199318e-01
2.130227367178431641e-01
2.386167536871533212e-01
2.658131094486327894e-01
2.944578104308757660e-01
3.243460676349426142e-01
3.552198599019334990e-01
3.867666882913281534e-01
4.186197304945016295e-01
4.503595791485336952e-01
4.815177115413125652e-01
5.115817907519685237e-01
5.400028406062405972e-01
5.662042704426941686e-01
5.895926527165051834e-01
6.095700796352875317e-01
6.255478475480804601e-01
6.369611432870901924e-01
6.432843388895186365e-01
6.440464439121140749e-01
6.388462214991059707e-01
6.273664486562472442e-01
6.093867953647266189e-01
5.847948129545943452e-01
5.535945602794931641e-01
5.159124563320990342e-01
4.720000285109659521e-01
4.222333241686581085e-01
3.671088656735720379e-01
3.072361514520139392e-01
2.433268321161342063e-01
1.761808161857135457e-01
1.066696783168307461e-01
3.571784878938553953e-02
-3.571784878933308843e-02
-1.066696783167788987e-01
-1.761808161856638355e-01
-2.433268321160858838e-01
-3.072361514519683090e-01
-3.671088656735295164e-01
-4.222333241686196392e-01
-4.720000285109303695e-01
-5.159124563320673929e-01
-5.535945602794634102e-01
-5.847948129545684770e-01
-6.093867953647047475e-01
-6.273664486562287035e-01
-6.388462214990913157e-01
-6.440464439121033058e-01
-6.432843388895117531e-01
-6.369611432870861956e-01
-6.255478475480792389e-01
-6.095700796352905293e-01
-5.895926527165105124e-01
-5.662042704426997197e-01
-5.400028406062485908e-01
-5.115817907519778496e-01
-4.815177115413232234e-01
-4.503595791485451860e-01
-4.186197304945134534e-01
-3.867666882913397552e-01
-3.552198599019457670e-01
-3.243460676349545491e-01
-2.944578104308869793e-01
-2.658131094486441137e-01
-2.386167536871645900e-01
-2.130227367178539333e-01
-1.891376615467307565e-01
-1.670248867877399956e-01
-1.467091925538462627e-01
-1.281817573369420649e-01
-1.114052560679515969e-01
-9.631891288232596882e-02
-8.284336825213974020e-02
-7.088524757988756697e-02
-6.034134574159293746e-02
-5.110236828543255477e-02
-4.305619413334012963e-02
-3.609064603045314401e-02
-3.009577320368672301e-02
-2.496566549995401715e-02
-2.059982963402755621e-02
-1.690416619329734513e-02
-1.379159094289016813e-02
-1.118234604646515563e-02
-9.004046400169498157e-03
-7.191503706198795753e-03
-5.686366491642592079e-03
-4.436608244624816802e-03
-3.395888328867700118e-03
-2.522801346730110198e-03
-1.780019962686653356e-03
-1.133323445172279998e-03
-5.504885834717731944e-04
