-1.990997992373364032e-03
-4.081007212676773972e-03
-6.364126595534769400e-03
-8.933312742915236818e-03
-1.188324902628114070e-02
-1.531248105844021726e-02
-1.932491844376214157e-02
-2.403075277049463235e-02
-2.954680498502581729e-02
-3.599628884776369386e-02
-4.350795944698099271e-02
-5.221460581831426084e-02
-6.225084415970884300e-02
-7.375017282336879254e-02
-8.684126222703790476e-02
-1.016434720759662180e-01
-1.182616147186630329e-01
-1.367800167330295857e-01
-1.572559702825017947e-01
-1.797127103139870563e-01
-2.041321017475980215e-01
-2.304472704023078911e-01
-2.585354600037687578e-01
-2.882114422946023824e-01
-3.192218447419247762e-01
-3.512407871412491223e-01
-3.838672310600426685e-01
-4.166244412541081354e-01
-4.489619330711893674e-01
-4.802602322720315731e-01
-5.098387024465748096e-01
-5.369666002675917982e-01
-5.608774015731931017e-01
-5.807863045823130621e-01
-5.959106648623196945e-01
-6.054929559332689060e-01
-6.088256869071536626e-01
-6.052775526976499343e-01
-5.943199521674286112e-01
-5.755528943948750031e-01
-5.487292319964399701e-01
-5.137761211634319647e-01
-4.708126172638883444e-01
-4.201623769304658196e-01
-3.623605543374641691e-01
-2.981541497608046209e-01
-2.284952882729591461e-01
-1.545271681594519997e-01
-7.756271200853460945e-02
9.437344768013570780e-04
7.943099491311300664e-02
1.562709810463606408e-01
2.298126976793858633e-01
2.984288621451118284e-01
3.605634934664378455e-01
4.147787224488899138e-01
4.597990474309441855e-01
4.945513152570044091e-01
5.181988428572473770e-01
5.301683067589589848e-01
5.301683067589589848e-01
5.181988428572461558e-01
4.945513152570026327e-01
4.597990474309402997e-01
4.147787224488861946e-01
3.605634934664337932e-01
2.984288621451052226e-01
2.298126976793786191e-01
1.562709810463532578e-01
7.943099491310343097e-02
9.437344767908829261e-04
-7.756271200854583658e-02
-1.545271681594637680e-01
-2.284952882729716084e-01
-2.981541497608167224e-01
-3.623605543374748272e-01
-4.201623769304760891e-01
-4.708126172638971152e-01
-5.137761211634406244e-01
-5.487292319964477416e-01
-5.755528943948828857e-01
-5.943199521674366048e-01
-6.052775526976568177e-01
-6.088256869071601018e-01
-6.054929559332750122e-01
-5.959106648623242464e-01
-5.807863045823167258e-01
-5.608774015731957663e-01
-5.369666002675943517e-01
-5.098387024465750317e-01
-4.802602322720309624e-01
-4.489619330711884793e-01
-4.166244412541073583e-01
-3.838672310600413917e-01
-3.512407871412472904e-01
-3.192218447419232774e-01
-2.882114422945999954e-01
-2.585354600037662598e-01
-2.304472704023050045e-01
-2.041321017475954402e-01
-1.797127103139851412e-01
-1.572559702825001848e-01
-1.367800167330276151e-01
-1.182616147186606737e-01
-1.016434720759636506e-01
-8.684126222703550391e-02
-7.375017282336657209e-02
-6.225084415970590090e-02
-5.221460581831136039e-02
-4.350795944697873063e-02
-3.599628884776160526e-02
-2.954680498502378072e-02
-2.403075277049258190e-02
-1.932491844376036869e-02
-1.531248105843913652e-02
-1.188324902628008425e-02
-8.933312742915066815e-03
-6.364126595534405975e-03
-4.081007212676371516e-03
-1.990997992373149360e-03
