5.086396905864684154e-05
2.112542980572696956e-04
5.043328702555448413e-04
9.694359882678879256e-04
1.664399151578489777e-03
2.669113672609256353e-03
4.090114829741500931e-03
6.066008356620131332e-03
8.773493647243668647e-03
1.243365030193878396e-02
1.731802972691068310e-02
2.375394678012702002e-02
3.212821249830780795e-02
4.288840661982086522e-02
5.654068123949021474e-02
7.364304129601170756e-02
9.479309196445108443e-02
1.206094040189130689e-01
1.517059468132045674e-01
1.886594855242693103e-01
2.319704309441599499e-01
2.820183443265173451e-01
3.390140940298199679e-01
4.029514718718325561e-01
4.735618242842995484e-01
5.502758432912757680e-01
6.321969977174537458e-01
7.180910748423121603e-01
8.063958737563614587e-01
8.952542001064465182e-01
9.825719534631844887e-01
1.066101316111546682e+00
1.143546939631412185e+00
1.212690727522514056e+00
1.271528517076276010e+00
1.318409893452631154e+00
1.352170761459694059e+00
1.372247388469488349e+00
1.378760617201424621e+00
1.372559973957816037e+00
1.355219526372636318e+00
1.328980528615127055e+00
1.296639964680707413e+00
1.261388772847274797e+00
1.226608408147650708e+00
1.195638996869130555e+00
1.171536146176848980e+00
1.156836007963687241e+00
1.153349110312558601e+00
1.162001899966470075e+00
1.182742899618012711e+00
1.214524970991160968e+00
1.255368160086755891e+00
1.302501408439283637e+00
1.352573652203647780e+00
1.401918114680544614e+00
1.446848165844593526e+00
1.483959608607438696e+00
1.510413069846953782e+00
1.524171496769866518e+00
1.524171496769869849e+00
1.510413069846960887e+00
1.483959608607448244e+00
1.446848165844605738e+00
1.401918114680559935e+00
1.352573652203663102e+00
1.302501408439297403e+00
1.255368160086766549e+00
1.214524970991173181e+00
1.182742899618022037e+00
1.162001899966474072e+00
1.153349110312561265e+00
1.156836007963687907e+00
1.171536146176846760e+00
1.195638996869130555e+00
1.226608408147647600e+00
1.261388772847277462e+00
1.296639964680710078e+00
1.328980528615134382e+00
1.355219526372644978e+00
1.372559973957828694e+00
1.378760617201438832e+00
1.372247388469504781e+00
1.352170761459709603e+00
1.318409893452647363e+00
1.271528517076290221e+00
1.212690727522527823e+00
1.143546939631421511e+00
1.066101316111555342e+00
9.825719534631911500e-01
8.952542001064502930e-01
8.063958737563643453e-01
7.180910748423138257e-01
6.321969977174535238e-01
5.502758432912738806e-01
4.735618242842951076e-01
4.029514718718270050e-01
3.390140940298134731e-01
2.820183443265107393e-01
2.319704309441525947e-01
1.886594855242620938e-01
1.517059468131979894e-01
1.206094040189065325e-01
9.479309196444563046e-02
7.364304129600651727e-02
5.654068123948599589e-02
4.288840661981711128e-02
3.212821249830476178e-02
2.375394678012462957e-02
1.731802972690903858e-02
1.243365030193746903e-02
8.773493647242770060e-03
6.066008356619412289e-03
4.090114829741023014e-03
2.669113672608895531e-03
1.664399151578263396e-03
9.694359882677465456e-04
5.043328702554752355e-04
2.112542980572236712e-04
5.086396905863161527e-05
