4.694812540224161659e-04
9.622560191493529855e-04
1.500583119827095290e-03
2.106612011181717339e-03
2.803118713267938045e-03
3.614095330506833601e-03
4.565221478050145859e-03
5.684235206482049496e-03
7.001213188457489252e-03
8.548764317816957142e-03
1.036213701133037630e-02
1.247923808648807031e-02
1.494055990653202388e-02
1.778901238621566003e-02
2.106965731730753300e-02
2.482934418508112376e-02
2.911624907666295059e-02
3.397932127501011867e-02
3.946764550246623787e-02
4.562973130635093050e-02
5.251274451767066337e-02
6.016169879484499494e-02
6.861862771352110479e-02
7.792175941943020601e-02
8.810471629500057911e-02
9.919576122815529362e-02
1.112171098155242399e-01
1.241843241800033859e-01
1.381057991424588516e-01
1.529823454877323463e-01
1.688068683566223693e-01
1.855641318447451837e-01
2.032305942625526329e-01
2.217742928474098207e-01
2.411547526915688577e-01
2.613228929148960766e-01
2.822209042444899230e-01
3.037820765896467878e-01
3.259305631170624218e-01
3.485810786336741018e-01
3.716385443074553541e-01
3.949977070371277210e-01
4.185427788636482682e-01
4.421471581014457808e-01
4.656733075244906539e-01
4.889728740704943344e-01
5.118871373635252020e-01
5.342478695133108246e-01
5.558786753798372615e-01
5.765968616885005504e-01
5.962158454765001947e-01
6.145480941465151226e-01
6.314085351981825189e-01
6.466183402417885473e-01
6.600089513597824364e-01
6.714261883002203835e-01
6.807342548822976624e-01
6.878194545648190772e-01
6.925934296365234832e-01
6.949957561016828489e-01
6.949957561016839591e-01
6.925934296365248155e-01
6.878194545648202984e-01
6.807342548822979955e-01
6.714261883002209386e-01
6.600089513597824364e-01
6.466183402417872150e-01
6.314085351981809646e-01
6.145480941465134572e-01
5.962158454764974191e-01
5.765968616884969977e-01
5.558786753798333757e-01
5.342478695133068278e-01
5.118871373635196509e-01
4.889728740704886722e-01
4.656733075244841591e-01
4.421471581014396190e-01
4.185427788636423285e-01
3.949977070371212262e-01
3.716385443074488037e-01
3.485810786336678291e-01
3.259305631170566486e-01
3.037820765896412922e-01
2.822209042444842608e-01
2.613228929148911917e-01
2.411547526915641393e-01
2.217742928474054076e-01
2.032305942625483308e-01
1.855641318447416588e-01
1.688068683566190664e-01
1.529823454877300981e-01
1.381057991424582132e-01
1.241843241800041353e-01
1.112171098155257942e-01
9.919576122815799979e-02
8.810471629500346569e-02
7.792175941943410566e-02
6.861862771352542079e-02
6.016169879484907501e-02
5.251274451767524304e-02
4.562973130635587099e-02
3.946764550247116449e-02
3.397932127501608612e-02
2.911624907666948356e-02
2.482934418508759428e-02
2.106965731731446495e-02
1.778901238622307424e-02
1.494055990653912758e-02
1.247923808649476288e-02
1.036213701133617202e-02
8.548764317822220293e-03
7.001213188461396716e-03
5.684235206485339399e-03
4.565221478052596156e-03
3.614095330508704500e-03
2.803118713268882168e-03
2.106612011182154055e-03
1.500583119827388675e-03
9.622560191493157973e-04
4.694812540225175388e-04
