-4.694812540220805511e-04
-9.622560191491275798e-04
-1.500583119827238405e-03
-2.106612011181724711e-03
-2.803118713268676170e-03
-3.614095330508384444e-03
-4.565221478052252681e-03
-5.684235206484930004e-03
-7.001213188461046302e-03
-8.548764317821883757e-03
-1.036213701133633161e-02
-1.247923808649573259e-02
-1.494055990654108261e-02
-1.778901238622565897e-02
-2.106965731731799685e-02
-2.482934418509148353e-02
-2.911624907667297382e-02
-3.397932127501929883e-02
-3.946764550247396086e-02
-4.562973130635785551e-02
-5.251274451767633938e-02
-6.016169879484953992e-02
-6.861862771352500445e-02
-7.792175941943288442e-02
-8.810471629500132851e-02
-9.919576122815429442e-02
-1.112171098155207150e-01
-1.241843241799968495e-01
-1.381057991424496367e-01
-1.529823454877206890e-01
-1.688068683566080752e-01
-1.855641318447295851e-01
-2.032305942625357853e-01
-2.217742928473915576e-01
-2.411547526915498174e-01
-2.613228929148759816e-01
-2.822209042444688287e-01
-3.037820765896249164e-01
-3.259305631170399953e-01
-3.485810786336500100e-01
-3.716385443074304851e-01
-3.949977070371020194e-01
-4.185427788636215118e-01
-4.421471581014190799e-01
-4.656733075244633979e-01
-4.889728740704669119e-01
-5.118871373634993338e-01
-5.342478695132868438e-01
-5.558786753798155011e-01
-5.765968616884815656e-01
-5.962158454764807658e-01
-6.145480941464986913e-01
-6.314085351981681971e-01
-6.466183402417761128e-01
-6.600089513597720003e-01
-6.714261883002130560e-01
-6.807342548822935546e-01
-6.878194545648195213e-01
-6.925934296365270360e-01
-6.949957561016900653e-01
-6.949957561016930629e-01
-6.925934296365345855e-01
-6.878194545648323999e-01
-6.807342548823110961e-01
-6.714261883002353715e-01
-6.600089513597977575e-01
-6.466183402418046455e-01
-6.314085351981985061e-01
-6.145480941465324420e-01
-5.962158454765165150e-01
-5.765968616885160936e-01
-5.558786753798515834e-01
-5.342478695133243694e-01
-5.118871373635377475e-01
-4.889728740705063803e-01
-4.656733075245025333e-01
-4.421471581014587149e-01
-4.185427788636602586e-01
-3.949977070371400445e-01
-3.716385443074678996e-01
-3.485810786336867029e-01
-3.259305631170749673e-01
-3.037820765896584452e-01
-2.822209042444999150e-01
-2.613228929149059576e-01
-2.411547526915762685e-01
-2.217742928474153996e-01
-2.032305942625567685e-01
-1.855641318447477928e-01
-1.688068683566241457e-01
-1.529823454877341227e-01
-1.381057991424606002e-01
-1.241843241800053982e-01
-1.112171098155258220e-01
-9.919576122815619568e-02
-8.810471629499996848e-02
-7.792175941942816597e-02
-6.861862771351820434e-02
-6.016169879484093569e-02
-5.251274451766668738e-02
-4.562973130634762758e-02
-3.946764550246367048e-02
-3.397932127500834232e-02
-2.911624907666233997e-02
-2.482934418508128335e-02
-2.106965731730881322e-02
-1.778901238621777292e-02
-1.494055990653483067e-02
-1.247923808649084934e-02
-1.036213701133330799e-02
-8.548764317819512390e-03
-7.001213188458831928e-03
-5.684235206482902113e-03
-4.565221478050400863e-03
-3.614095330506382573e-03
-2.803118713266896343e-03
-2.106612011180656555e-03
-1.500583119826292763e-03
-9.622560191484631808e-04
-4.694812540219837319e-04
