1.867067624461240779e-03
3.815223840884234170e-03
5.920556916394135484e-03
8.256875774997658388e-03
1.089772526420874563e-02
1.391782819049369561e-02
1.739404211676064474e-02
2.140588719464121478e-02
2.603567928992610303e-02
3.136828822374158887e-02
3.749053260194052523e-02
4.449021936290198376e-02
5.245483701637299739e-02
6.146991588682510638e-02
7.161707588053213558e-02
8.297179172753424425e-02
9.560091663004036122e-02
1.095600170469675227e-01
1.248905831815929068e-01
1.416171908104341959e-01
1.597446995986109841e-01
1.792555802433199175e-01
2.001074670242397602e-01
2.222310331144257967e-01
2.455282829985522830e-01
2.698713494506226884e-01
2.951018718578545252e-01
3.210310185774498115e-01
3.474401990095087323e-01
3.740824918509265684e-01
4.006847953579451005e-01
4.269506842397190471e-01
4.525639368828226483e-01
4.771926767716134221e-01
5.004940539416079526e-01
5.221193766906697675e-01
5.417195910555944183e-01
5.589509960813561218e-01
5.734810768670225434e-01
5.849943348219820427e-01
5.931979954204389394e-01
5.978274777699630338e-01
5.986515171460092821e-01
5.954768408059684104e-01
5.881523083154914788e-01
5.765724396877757174e-01
5.606802672618420580e-01
5.404694599104019614e-01
5.159856804386183660e-01
4.873271475707725564e-01
4.546443967578716605e-01
4.181392183655835426e-01
3.780627897312159869e-01
3.347130177160256292e-01
2.884311215983382248e-01
2.395974991197976911e-01
1.886269320732910926e-01
1.359632017574090024e-01
8.207319838166542147e-02
2.744062136676917937e-02
-2.744062136673061300e-02
-8.207319838162718817e-02
-1.359632017573709495e-01
-1.886269320732532617e-01
-2.395974991197591386e-01
-2.884311215982999221e-01
-3.347130177159868269e-01
-3.780627897311751306e-01
-4.181392183655430750e-01
-4.546443967578290279e-01
-4.873271475707287581e-01
-5.159856804385734019e-01
-5.404694599103547770e-01
-5.606802672617942074e-01
-5.765724396877286440e-01
-5.881523083154425180e-01
-5.954768408059212259e-01
-5.986515171459597662e-01
-5.978274777699150722e-01
-5.931979954203906447e-01
-5.849943348219340811e-01
-5.734810768669748038e-01
-5.589509960813094924e-01
-5.417195910555484550e-01
-5.221193766906256917e-01
-5.004940539415649869e-01
-4.771926767715727324e-01
-4.525639368827825137e-01
-4.269506842396822988e-01
-4.006847953579110166e-01
-3.740824918508944275e-01
-3.474401990094784232e-01
-3.210310185774213898e-01
-2.951018718578277689e-01
-2.698713494505971533e-01
-2.455282829985297455e-01
-2.222310331144061735e-01
-2.001074670242229403e-01
-1.792555802433054013e-01
-1.597446995985992158e-01
-1.416171908104247590e-01
-1.248905831815860235e-01
-1.095600170469623325e-01
-9.560091663003666973e-02
-8.297179172753116339e-02
-7.161707588052959594e-02
-6.146991588682260838e-02
-5.245483701637080470e-02
-4.449021936290031148e-02
-3.749053260193982440e-02
-3.136828822374190112e-02
-2.603567928992705366e-02
-2.140588719464309175e-02
-1.739404211676309070e-02
-1.391782819049674699e-02
-1.089772526421135639e-02
-8.256875775000326392e-03
-5.920556916396649098e-03
-3.815223840886274639e-03
-1.867067624462122018e-03
