-4.661076095403159439e-03
-9.494486791091836034e-03
-1.465816124989953971e-02
-2.030034931730620093e-02
-2.656278760474064041e-02
-3.358257300605161505e-02
-4.149293273037978069e-02
-5.042302690079433769e-02
-6.049688621263390326e-02
-7.183156878087035291e-02
-8.453461388826236100e-02
-9.870087328836701923e-02
-1.144088108163891226e-01
-1.317163763132806198e-01
-1.506565783581997053e-01
-1.712329001473416046e-01
-1.934147221941229788e-01
-2.171329325547300682e-01
-2.422759183197094046e-01
-2.686861396685905623e-01
-2.961574886533435147e-01
-3.244336282092412094e-01
-3.532074922574130471e-01
-3.821221051781703570e-01
-4.107728488550764778e-01
-4.387112687699176172e-01
-4.654504684378403812e-01
-4.904720951901785919e-01
-5.132348714123421418e-01
-5.331845752766151136e-01
-5.497653251126259910e-01
-5.624319730027116382e-01
-5.706633669726189906e-01
-5.739761981379030154e-01
-5.719391101870134886e-01
-5.641867145272602135e-01
-5.504331263685386944e-01
-5.304846163248293500e-01
-5.042509604377202193e-01
-4.717550707980744384e-01
-4.331405012239618602e-01
-3.886764497190425827e-01
-3.387599232793810922e-01
-2.839147919186639224e-01
-2.247875373685353229e-01
-1.621395961827915011e-01
-9.683630307595027242e-02
-2.983254609515155822e-02
3.784482787067951215e-02
1.051154618254127732e-01
1.708700907369341271e-01
2.339929903674723977e-01
2.933868925888464818e-01
3.479980201869709577e-01
3.968406460033161998e-01
4.390204658332738097e-01
4.737560951046120850e-01
5.003980515487198577e-01
5.184446607451953515e-01
5.275544139561207935e-01
5.275544139561185730e-01
5.184446607451905775e-01
5.003980515487117531e-01
4.737560951046018709e-01
4.390204658332607646e-01
3.968406460033003791e-01
3.479980201869516954e-01
2.933868925888246659e-01
2.339929903674483891e-01
1.708700907369078426e-01
1.051154618253847262e-01
3.784482787064960552e-02
-2.983254609518386571e-02
-9.683630307598374565e-02
-1.621395961828263066e-01
-2.247875373685706002e-01
-2.839147919187001712e-01
-3.387599232794171744e-01
-3.886764497190788870e-01
-4.331405012239974428e-01
-4.717550707981104097e-01
-5.042509604377553023e-01
-5.304846163248631008e-01
-5.504331263685710018e-01
-5.641867145272908557e-01
-5.719391101870413552e-01
-5.739761981379289946e-01
-5.706633669726416391e-01
-5.624319730027319553e-01
-5.497653251126423113e-01
-5.331845752766267710e-01
-5.132348714123514677e-01
-4.904720951901834214e-01
-4.654504684378420465e-01
-4.387112687699150637e-01
-4.107728488550702606e-01
-3.821221051781609201e-01
-3.532074922574009457e-01
-3.244336282092264434e-01
-2.961574886533264173e-01
-2.686861396685719661e-01
-2.422759183196898647e-01
-2.171329325547092237e-01
-1.934147221941023009e-01
-1.712329001473205659e-01
-1.506565783581797491e-01
-1.317163763132608578e-01
-1.144088108163705403e-01
-9.870087328834915852e-02
-8.453461388824601297e-02
-7.183156878085425467e-02
-6.049688621261938015e-02
-5.042302690078086930e-02
-4.149293273036777641e-02
-3.358257300604106793e-02
-2.656278760473190087e-02
-2.030034931729894979e-02
-1.465816124989424880e-02
-9.494486791087775046e-03
-4.661076095401089046e-03
