1.867067624461422491e-03
3.815223840884982703e-03
5.920556916394509317e-03
8.256875774998386971e-03
1.089772526420977779e-02
1.391782819049470522e-02
1.739404211676138720e-02
2.140588719464204051e-02
2.603567928992576996e-02
3.136828822374186643e-02
3.749053260194046278e-02
4.449021936290265683e-02
5.245483701637437129e-02
6.146991588682720886e-02
7.161707588053391194e-02
8.297179172753625653e-02
9.560091663004210982e-02
1.095600170469684109e-01
1.248905831815924489e-01
1.416171908104319477e-01
1.597446995986069873e-01
1.792555802433143941e-01
2.001074670242334319e-01
2.222310331144179696e-01
2.455282829985426518e-01
2.698713494506108646e-01
2.951018718578426459e-01
3.210310185774376546e-01
3.474401990094961867e-01
3.740824918509129127e-01
4.006847953579299459e-01
4.269506842397017277e-01
4.525639368828024978e-01
4.771926767715917173e-01
5.004940539415833056e-01
5.221193766906437883e-01
5.417195910555654415e-01
5.589509960813267009e-01
5.734810768669920122e-01
5.849943348219510675e-01
5.931979954204071870e-01
5.978274777699305043e-01
5.986515171459763085e-01
5.954768408059372131e-01
5.881523083154592824e-01
5.765724396877440761e-01
5.606802672618107497e-01
5.404694599103707642e-01
5.159856804385888340e-01
4.873271475707434131e-01
4.546443967578444600e-01
4.181392183655583406e-01
3.780627897311908403e-01
3.347130177160017039e-01
2.884311215983152987e-01
2.395974991197747372e-01
1.886269320732695820e-01
1.359632017573876028e-01
8.207319838164463255e-02
2.744062136674818228e-02
-2.744062136675049293e-02
-8.207319838164746362e-02
-1.359632017573909613e-01
-1.886269320732739396e-01
-2.395974991197813431e-01
-2.884311215983225707e-01
-3.347130177160108633e-01
-3.780627897312001662e-01
-4.181392183655686101e-01
-4.546443967578562284e-01
-4.873271475707564027e-01
-5.159856804386021567e-01
-5.404694599103843089e-01
-5.606802672618236283e-01
-5.765724396877573987e-01
-5.881523083154714948e-01
-5.954768408059500917e-01
-5.986515171459905194e-01
-5.978274777699450482e-01
-5.931979954204215089e-01
-5.849943348219649453e-01
-5.734810768670048908e-01
-5.589509960813383582e-01
-5.417195910555762106e-01
-5.221193766906520040e-01
-5.004940539415912992e-01
-4.771926767715968798e-01
-4.525639368828053843e-01
-4.269506842397024493e-01
-4.006847953579292243e-01
-3.740824918509114694e-01
-3.474401990094944104e-01
-3.210310185774366554e-01
-2.951018718578427569e-01
-2.698713494506110311e-01
-2.455282829985424298e-01
-2.222310331144165541e-01
-2.001074670242320719e-01
-1.792555802433129231e-01
-1.597446995986052110e-01
-1.416171908104294219e-01
-1.248905831815900341e-01
-1.095600170469645113e-01
-9.560091663003865425e-02
-8.297179172753239851e-02
-7.161707588053041473e-02
-6.146991588682327451e-02
-5.245483701637215779e-02
-4.449021936290126211e-02
-3.749053260194084441e-02
-3.136828822374267134e-02
-2.603567928992724101e-02
-2.140588719464301196e-02
-1.739404211676292764e-02
-1.391782819049582585e-02
-1.089772526421089842e-02
-8.256875774999334130e-03
-5.920556916395983832e-03
-3.815223840885684399e-03
-1.867067624461750787e-03
