-4.661076095402017123e-03
-9.494486791089124661e-03
-1.465816124989552036e-02
-2.030034931730055614e-02
-2.656278760473394090e-02
-3.358257300604355899e-02
-4.149293273037044788e-02
-5.042302690078417221e-02
-6.049688621262275939e-02
-7.183156878085820984e-02
-8.453461388824975997e-02
-9.870087328835394636e-02
-1.144088108163756057e-01
-1.317163763132661036e-01
-1.506565783581845785e-01
-1.712329001473265611e-01
-1.934147221941080463e-01
-2.171329325547162459e-01
-2.422759183196962485e-01
-2.686861396685779058e-01
-2.961574886533314133e-01
-3.244336282092297741e-01
-3.532074922574030551e-01
-3.821221051781614197e-01
-4.107728488550688173e-01
-4.387112687699107338e-01
-4.654504684378356072e-01
-4.904720951901746506e-01
-5.132348714123398103e-01
-5.331845752766136703e-01
-5.497653251126278784e-01
-5.624319730027158570e-01
-5.706633669726240976e-01
-5.739761981379097877e-01
-5.719391101870225924e-01
-5.641867145272716488e-01
-5.504331263685514619e-01
-5.304846163248438939e-01
-5.042509604377374277e-01
-4.717550707980942559e-01
-4.331405012239844532e-01
-3.886764497190669521e-01
-3.387599232794077375e-01
-2.839147919186922886e-01
-2.247875373685644940e-01
-1.621395961828219212e-01
-9.683630307598062315e-02
-2.983254609518168343e-02
3.784482787065021614e-02
1.051154618253842404e-01
1.708700907369064270e-01
2.339929903674467793e-01
2.933868925888227230e-01
3.479980201869496415e-01
3.968406460032985472e-01
4.390204658332593768e-01
4.737560951046004276e-01
5.003980515487108649e-01
5.184446607451900224e-01
5.275544139561180179e-01
5.275544139561199053e-01
5.184446607451952405e-01
5.003980515487187475e-01
4.737560951046109192e-01
4.390204658332721444e-01
3.968406460033135907e-01
3.479980201869662948e-01
2.933868925888413193e-01
2.339929903674660694e-01
1.708700907369268829e-01
1.051154618254041551e-01
3.784482787066990872e-02
-2.983254609516312536e-02
-9.683630307596281794e-02
-1.621395961828054899e-01
-2.247875373685503941e-01
-2.839147919186806313e-01
-3.387599232793974124e-01
-3.886764497190596246e-01
-4.331405012239789021e-01
-4.717550707980917024e-01
-5.042509604377369836e-01
-5.304846163248461144e-01
-5.504331263685549036e-01
-5.641867145272769779e-01
-5.719391101870288097e-01
-5.739761981379178923e-01
-5.706633669726330904e-01
-5.624319730027260711e-01
-5.497653251126390916e-01
-5.331845752766259938e-01
-5.132348714123521338e-01
-4.904720951901884729e-01
-4.654504684378489299e-01
-4.387112687699256663e-01
-4.107728488550828616e-01
-3.821221051781759082e-01
-3.532074922574167664e-01
-3.244336282092439294e-01
-2.961574886533442919e-01
-2.686861396685902847e-01
-2.422759183197078503e-01
-2.171329325547274036e-01
-1.934147221941187877e-01
-1.712329001473363865e-01
-1.506565783581937379e-01
-1.317163763132746523e-01
-1.144088108163827666e-01
-9.870087328836084362e-02
-8.453461388825617151e-02
-7.183156878086431607e-02
-6.049688621262862276e-02
-5.042302690078915434e-02
-4.149293273037495816e-02
-3.358257300604702844e-02
-2.656278760473697667e-02
-2.030034931730291883e-02
-1.465816124989689426e-02
-9.494486791089730079e-03
-4.661076095401969419e-03
